1001
1002
1003
1004
1011
1022
1025
1026
1027
1031
1032
1061
1062
1063
1064
1065
1071
1072
1073
1081
1082
1091
1092
1093
1094
1095
1096
1101
1104
1105
1109
1111
1115
1121
1201
1202
1203
1204
1205
1206
1207
1208
1211
1212
1213
1215
1216
1218
1219
1220
1221
1222
1223
1224
1225
1226
1227
1229
1230
1231
1232
1301
1302
1303
1304
1305
1306
1307
1411
1412
1413
1414
1415
1416
1417
1418
1419
1420
1600
1610
1621
1622
1650
1651
1652
1653
1654
1656
1657
1659
1660
1661
1671
1672
1700
1701
1702
1703
1704
1705
1706
1707
1708
1709
1710
1711
1712
1713
1714
1715
1716
1720
1721
1750
1751
1752
1753
1754
1755
1756
1761
1763
1764
1770
1771
1772
1773
1799
1801
1803
1804
1805
1806
1807
1821
1840
1841
1850
1851
1852
1853
1854
1855
1861
1862
1863
1864
1865
1866
1867
1868
1869
1901
1902
1911
1912
1913
1914
1915
1916
1917
2005
2006
2007
2008
2009
2010
2011
2012
2014
2020
2022
2200
2201
2202
2203
2204
2205
2206
2207
2208
2209
2210
2211
2212
2213
2214
2215
2216
2222
2223
2224
2225
2226
2227
2228
2229
2231
2232
2233
2234
2235
2236
2237
2238
2239
2240
2241
2242
2243
2244
2245
2246
2250
2251
2252
2253
2254
2255
2257
2258
2259
2260
2261
2262
2263
2264
2265
2266
2267
2268
2269
2270
2271
2272
2273
2274
2275
2276
2277
2278
2279
2280
2281
2282
2283
2284
2286
2287
2288
2289
2290
2291
2292
2293
2294
2295
2296
2297
2298
2299
2300
2301
2302
2303
2304
2310
2311
2312
2313
2314
2315
2316
2317
2318
2319
2320
2321
2322
2323
2340
2341
2342
2350
2351
2352
2401
2402
2403
2411
2412
2413
2414
2421
2426
2431
2432
2441
2442
2443
2444
2451
2453
2454
2457
2466
2471
2481
2482
2483
2484
2488
2494
2495
2496
2500
2502
2503
2504
2505
2506
2507
2508
2509
2510
2511
2512
2515
2516
2517
2520
2524
2525
2530
2531
2532
2533
2534
2536
2540
2541
2542
2543
2544
2552
2560
2561
2562
2563
2571
2572
2573
2574
2575
2580
2598
2599
2601
2602
2603
2611
2622
2631
2641
2642
2643
2644
2645
2659
2700
2701
2703
2711
2712
2713
2798
2800
2801
2802
2810
2811
2812
2813
2814
2815
2820
2830
2831
2840
2842
2850
2851
2860
3400
4001
4010
4011
4012
4013
4014
4015
4016
4017
4018
4019
4020
4092
4093
4099
4101
4102
4111
4112
4114
4115
4116
4121
4122
4125
4126
4127
4128
4129
4131
4132
4134
4135
4141
4142
4151
4152
4153
4154
4155
4161
4162
4171
4172
4177
4178
4181
4182
4191
4192
4196
4197
4198
4200
4201
4202
4203
4204
4205
4206
4207
4208
4209
4211
4212
4213
4214
4301
4302
4303
4304
4305
4306
4307
4308
4309
4310
4311
4312
4313
4314
4315
4316
4319
4320
4344
4351
4352
4354
4355
4399
4400
4401
4402
4403
4404
4420
4421
4422
4423
4424
4425
4426
4427
4428
4429
4442
4443
4444
4458
4472
4473
4474
4485
4486
4487
4488
4489
4490
4491
4492
4494
4495
4496
4497
4498
4499
4500
4501
4502
4503
4504
4505
4506
4507
4508
4509
4510
4511
4512
4513
4514
4515
4516
4517
4518
4519
4520
4521
4522
4524
4525
4526
4527
4528
4529
4537
4550
4551
4552
4553
4554
4555
4600
4601
4602
4603
4604
4605
4606
4607
4650
4651
4652
4653
4654
4655
4656
4657
4658
4659
4660
4661
4662
4663
4664
4665
4666
4667
4668
4669
4700
4701
4702
4703
4704
4751
4752
4753
4754
4755
4756
4757
4758
4759
4760
4801
4811
4813
4814
4901
4902
5100
5101
5102
5103
5104
5105
5106
5107
5108
5109
5110
5111
5112
5113
5114
5115
5116
5117
5118
5119
5120
5121
5122
5123
5124
5201
5202
